  Atom           S          P          D        Total
      1    C  3.0917958  2.5926539  0.1981699  5.8826196
      2    C  3.0591550  2.7030344  0.1494484  5.9116378
      3    C  3.0776982  2.8031594  0.0948564  5.9757140
      4    C  3.0723349  2.7955429  0.0955251  5.9634030
      5    C  3.0801448  2.7818981  0.0956487  5.9576917
      6    C  3.0697357  2.8250913  0.0916344  5.9864614
      7    H  0.9047800  0.0346400  0.0000000  0.9394200
      8    H  0.9651858  0.0330183  0.0000000  0.9982041
      9    H  0.9665730  0.0327897  0.0000000  0.9993627
     10    H  0.9312084  0.0337991  0.0000000  0.9650075
     11    O  3.6557219  4.5217489  0.0310758  8.2085465
     12    H  0.7151252  0.0920983  0.0000000  0.8072235
     13    N  3.3412924  3.2170787  0.2113338  6.7697049
     14    O  3.8562663  4.4725200  0.0237462  8.3525325
     15    O  3.8508605  4.4059000  0.0257103  8.2824707
------------ ---------- ---------- ---------- ----------
  Total                                      72.0000000
