  Atom           S          P          D        Total
      1    N  3.4420147  3.8745611  0.0506864  7.3672621
      2    N  3.4439836  3.8644611  0.0496088  7.3580535
      3    C  2.8996163  2.3033569  0.2990135  5.5019868
      4    C  3.0337284  2.6223573  0.1114405  5.7675262
      5    C  3.1658952  2.8698156  0.0768980  6.1126088
      6    C  2.9957672  2.3823789  0.2611578  5.6393038
      7    O  3.7055057  4.4871265  0.0363758  8.2290079
      8    O  3.7239356  4.5524046  0.0321234  8.3084635
      9    H  0.7908741  0.0491932  0.0000000  0.8400673
     10    H  0.8411796  0.0487517  0.0000000  0.8899313
     11    H  0.9697739  0.0349814  0.0000000  1.0047553
     12    H  0.9442204  0.0368129  0.0000000  0.9810333
------------ ---------- ---------- ---------- ----------
  Total                                      58.0000000
